# April 29, 2014 
#  Tuesday 
#  1:29 PM
0.101  0.396  0.721  0.401  0.222
0.691  0.918  0.580  0.134  0.722
0.477  0.465  0.119  0.457  0.522
0.769  0.946  0.665  0.550  0.240
0.043  0.656  0.597  0.712  0.761
0.061  0.287  0.835  0.235  0.422
0.432  0.058  0.712  0.445  0.874
0.009  0.363  0.110  0.912  0.517
0.727  0.753  0.356  0.963  0.827
0.367  0.066  0.412  0.291  0.602
0.039  0.874  0.267  0.140  0.093
0.510  0.312  0.146  0.278  0.015
0.686  0.399  0.046  0.849  0.167
0.131  0.759  0.698  0.803  0.219
0.782  0.743  0.692  0.325  0.405
0.600  0.069  0.905  0.849  0.617
0.564  0.962  0.671  0.944  0.805
0.739  0.972  0.249  0.185  0.185
0.488  0.311  0.710  0.471  0.503
0.447  0.886  0.468  0.090  0.018
0.946  0.875  0.954  0.108  0.129
0.961  0.306  0.332  0.583  0.088
0.819  0.230  0.649  0.958  0.595
0.470  0.252  0.595  0.338  0.121
0.116  0.880  0.776  0.698  0.740
0.502  0.465  0.936  0.661  0.247
0.021  0.287  0.216  0.275  0.167
0.928  0.991  0.745  0.906  0.337
0.778  0.972  0.755  0.035  0.669
0.016  0.640  0.173  0.589  0.154
0.247  0.018  0.746  0.757  0.882
0.799  0.847  0.728  0.098  0.773
0.515  0.104  0.904  0.884  0.004
0.580  0.922  0.192  0.150  0.147
0.719  0.819  0.346  0.130  0.174
0.591  0.181  0.813  0.937  0.155
0.815  0.219  0.408  0.583  0.012
0.941  0.155  0.490  0.617  0.381
0.795  0.143  0.731  0.340  0.559
0.790  0.402  0.569  0.651  0.701
0.988  0.878  0.073  0.927  0.397
0.937  0.446  0.182  0.955  0.419
0.450  0.666  0.312  0.874  0.923
0.718  0.286  0.772  0.034  0.290
0.350  0.796  0.556  0.210  0.418
0.680  0.475  0.454  0.594  0.055
0.434  0.839  0.082  0.333  0.018
0.571  0.510  0.155  0.766  0.804
0.716  0.324  0.978  0.396  0.137
0.992  0.698  0.407  0.261  0.120
0.819  0.955  0.894  0.996  0.801
0.463  0.236  0.134  0.523  0.625
0.128  0.866  0.284  0.221  0.006
0.751  0.066  0.824  0.831  0.579
0.429  0.142  0.373  0.458  0.141
0.521  0.051  0.220  0.124  0.742
0.210  0.864  0.318  0.793  0.292
0.940  0.601  0.434  0.976  0.494
0.489  0.009  0.993  0.408  0.119
0.520  0.070  0.743  0.636  0.694
0.507  0.668  0.327  0.918  0.783
0.430  0.105  0.861  0.480  0.938
0.880  0.429  0.302  0.000  0.635
0.906  0.736  0.382  0.196  0.664
0.024  0.377  0.416  0.811  0.193
0.653  0.439  0.834  0.106  0.529
0.781  0.107  0.201  0.641  0.280
0.756  0.973  0.592  0.232  0.640
0.555  0.486  0.514  0.764  0.434
0.763  0.106  0.344  0.013  0.324
0.766  0.498  0.929  0.054  0.877
0.835  0.089  0.387  0.352  0.084
0.172  0.892  0.121  0.356  0.718
0.721  0.824  0.941  0.143  0.001
0.656  0.735  0.630  0.943  0.428
0.429  0.306  0.698  0.179  0.831
0.797  0.086  0.805  0.216  0.804
0.735  0.751  0.267  0.004  0.826
0.706  0.430  0.086  0.827  0.498
0.098  0.916  0.941  0.182  0.180
0.783  0.822  0.478  0.719  0.045
0.366  0.950  0.021  0.955  0.242
0.118  0.762  0.916  0.284  0.954
0.708  0.601  0.151  0.529  0.130
0.068  0.779  0.317  0.053  0.853
0.802  0.733  0.906  0.956  0.094
0.011  0.932  0.157  0.298  0.263
0.397  0.909  0.835  0.086  0.592
0.942  0.392  0.810  0.973  0.938
0.626  0.069  0.674  0.174  0.594
0.119  0.708  0.859  0.378  0.474
0.192  0.861  0.611  0.848  0.489
0.685  0.229  0.850  0.086  0.427
0.773  0.147  0.166  0.774  0.689
0.115  0.292  0.469  0.043  0.422
0.238  0.817  0.188  0.442  0.495
0.615  0.202  0.019  0.838  0.067
0.802  0.285  0.914  0.878  0.757
0.844  0.052  0.808  0.535  0.654
0.990  0.015  0.661  0.640  0.501
